Max(serial) = 751.016374 duration = 0.004200 ± 0.000090 ms
Test(omp) = 679.751070 duration = 0.026180 ± 0.003763 ms
Test(omp_critical) = 751.016374 duration = 0.595907 ± 0.006729 ms
Test(omp_atomic) = 751.016374 duration = 0.102168 ± 0.000806 ms
Test(omp_local) = 751.016374 duration = 0.029348 ± 0.000363 ms
Test(omp_padded) = 751.016374 duration = 0.029366 ± 0.000446 ms
Test(omp_private) = 751.016374 duration = 0.029999 ± 0.000261 ms
Test(omp_reduction) = 751.016374 duration = 0.024399 ± 0.000702 ms

