Max(serial) = 751.016374 duration = 0.004179 ± 0.000040 ms
Test(omp) = 312.514815 duration = 0.009174 ± 0.000352 ms
Test(omp_critical) = 751.016374 duration = 0.223036 ± 0.019257 ms
Test(omp_atomic) = 751.016374 duration = 0.079297 ± 0.001255 ms
Test(omp_local) = 751.016374 duration = 0.009727 ± 0.000334 ms
Test(omp_padded) = 751.016374 duration = 0.009572 ± 0.000260 ms
Test(omp_private) = 751.016374 duration = 0.009589 ± 0.000283 ms
Test(omp_reduction) = 751.016374 duration = 0.007668 ± 0.000261 ms

